0 0 0 0 0 0 0 0 0 0 0 0 0 0 0 0 0 0 0 0 0 0 0 0 0 0 0 0
0 0 0 0 0 0 0 0 0 0 0 0 0 0 0 0 0 0 0 0 0 0 0 0 0 0 0 0
0 0 0 0 0 0 0 0 0 0 0 0 0 0 0 0 0 0 0 0 0 0 0 0 0 0 0 0
0 0 0 0 0 0 0 0 0 0 0 0 0 0 0 0 0 0 0 0 0 0 0 0 0 0 0 0
+ - - - - - + 0 0 p p p p p p p p p p 0 0 + - - - - - +
0 0 0 0 0 0 | 0 0 p 0 0 p 0 0 p 0 0 p 0 0 | 0 0 0 0 0 0
0 0 0 0 0 0 | 0 0 p 0 0 p 0 0 p 0 0 p 0 0 | 0 0 0 0 0 0
0 0 0 P p p p 0 0 p 0 0 p 0 0 p 0 0 p 0 0 p p p P 0 0 0
0 0 0 p 0 0 p p p p 0 0 p 0 0 p 0 0 p p p p 0 0 p 0 0 0
0 0 0 p 0 0 p 0 0 0 0 0 p 0 0 p 0 0 0 0 0 p 0 0 p 0 0 0
0 0 0 p 0 0 p 0 0 0 0 0 p 0 0 p 0 0 0 0 0 p 0 0 p 0 0 0
0 0 0 p 0 0 p p p p p p p 0 0 p p p p p p p 0 0 p 0 0 0
0 0 0 p 0 0 p 0 0 0 0 0 | 0 0 | 0 0 0 0 0 p 0 0 p 0 0 0
0 0 0 p 0 0 p 0 0 0 0 0 | 0 0 | 0 0 0 0 0 p 0 0 p 0 0 0
0 0 0 p p p p 0 0 + - - + - - + - - + 0 0 p p p p 0 0 0
0 0 0 p 0 0 0 0 0 | 0 0 0 0 0 0 0 0 | 0 0 0 0 0 p 0 0 0
0 0 0 p 0 0 0 0 0 | 0 0 0 0 0 0 0 0 | 0 0 0 0 0 p 0 0 0
0 0 0 p - - - - - + 0 0 0 0 0 0 0 0 + - - - - - p 0 0 0
0 0 0 p 0 0 0 0 0 | 0 0 0 0 0 0 0 0 | 0 0 0 0 0 p 0 0 0
0 0 0 p 0 0 0 0 0 | 0 0 0 0 0 0 0 0 | 0 0 0 0 0 p 0 0 0
0 0 0 p p p p 0 0 + - - + - - + - - + 0 0 p p p p 0 0 0
0 0 0 p 0 0 p 0 0 0 0 0 | 0 0 | 0 0 0 0 0 p 0 0 p 0 0 0
0 0 0 p 0 0 p 0 0 0 0 0 | 0 0 | 0 0 0 0 0 p 0 0 p 0 0 0
0 0 0 p 0 0 p p p - - - + 0 0 + - - - p p p 0 0 p 0 0 0
0 0 0 p 0 0 0 0 p 0 0 0 0 0 0 0 0 0 0 p 0 0 0 0 p 0 0 0
0 0 0 p 0 0 0 0 p 0 0 0 0 0 0 0 0 0 0 p 0 0 0 0 p 0 0 0
0 P p p p p p p p p p p p - - p p p p p p p p p p p P 0
0 p 0 0 0 0 p 0 0 0 0 0 p 0 0 p 0 0 0 0 0 p 0 0 0 0 p 0
0 p 0 0 0 0 p 0 0 0 0 0 p 0 0 p 0 0 0 0 0 p 0 0 0 0 p 0
0 p p p 0 0 p p p p p p p 0 0 p p p p p p p 0 0 p p p 0
0 0 0 p 0 0 p 0 0 p 0 0 0 0 0 0 0 0 p 0 0 p 0 0 p 0 0 0
0 0 0 p 0 0 p 0 0 p 0 0 0 0 0 0 0 0 p 0 0 p 0 0 p 0 0 0
+ - - p p p p 0 0 p p p p p p p p p p 0 0 p p p p - - +
0 0 0 0 0 0 0 0 0 0 0 0 0 0 0 0 0 0 0 0 0 0 0 0 0 0 0 0
0 0 0 0 0 0 0 0 0 0 0 0 0 0 0 0 0 0 0 0 0 0 0 0 0 0 0 0
0 0 0 0 0 0 0 0 0 0 0 0 0 0 0 0 0 0 0 0 0 0 0 0 0 0 0 0
